[{"extends":"sphere2.vwf","properties":{"DisplayName":"sphere1","___physics_activation_state":1,"___physics_angular_velocity":[0,0,0],"___physics_deactivation_time":0,"___physics_enabled":true,"___physics_factor_linear":[1,0,1],"___physics_linear_velocity":[0,0,0],"___physics_velocity_angular":[0,0,0],"___physics_velocity_linear":[0,0,0],"materialDef":{"alpha":1,"ambient":{"b":1,"g":1,"r":1},"color":{"a":1,"b":1,"g":1,"r":1},"emit":{"b":0,"g":0,"r":0},"layers":[{"alpha":1,"blendMode":0,"mapInput":0,"mapTo":1,"offsetx":0,"offsety":0,"rot":0,"scalex":1,"scaley":1,"src":"checker.jpg"}],"morphTargets":false,"reflect":0.8,"shadeless":false,"shadow":true,"shadows":true,"shininess":15,"skinning":false,"specularColor":{"b":0.577350269189626,"g":0.577350269189626,"r":0.577350269189626},"specularLevel":1,"type":"phong"},"owner":"Rob","radius":0.47,"transform":[1,0,0,0,0,1,0,0,0,0,1,0,-4.400000095367432,-6.799999237060547,14.400993347167969,1],"type":"Primitive"},"random":{"c":1,"s0":0.175411923788488,"s1":0.284013944445178,"s2":0.902981075225398},"sequence":0,"source":"vwf/model/threejs/sphere.js","type":"subDriver/threejs","name":"3447e47b-dd3b-7035-f1a3-84e8ce2a369c"},{"extends":"box2.vwf","properties":{"DisplayName":"box2","___physics_activation_state":1,"___physics_angular_velocity":[0,0,0],"___physics_deactivation_time":0,"___physics_enabled":true,"___physics_linear_velocity":[0,0,0],"___physics_mass":0,"___physics_velocity_angular":[0,0,0],"___physics_velocity_linear":[0,0,0],"_length":3.75,"materialDef":{"alpha":1,"ambient":{"b":1,"g":1,"r":1},"color":{"a":1,"b":1,"g":1,"r":1},"emit":{"b":0,"g":0,"r":0},"layers":[{"alpha":1,"blendMode":0,"mapInput":0,"mapTo":1,"offsetx":0,"offsety":0,"rot":0,"scalex":1,"scaley":1,"src":"checker.jpg"}],"morphTargets":false,"reflect":0.8,"shadeless":false,"shadow":true,"shadows":true,"shininess":15,"skinning":false,"specularColor":{"b":0.577350269189626,"g":0.577350269189626,"r":0.577350269189626},"specularLevel":1,"type":"phong"},"owner":"Rob","transform":[0.9659258723258972,-1.439653942725272e-7,-0.258819043636322,0,-0.10938151925802231,0.9063078165054321,-0.4082179367542267,0,0.23456977307796478,0.42261824011802673,0.8754261136054993,0,-3.9999983310699463,-7.199997425079346,12.200997352600098,1],"type":"Primitive"},"random":{"c":1,"s0":0.545568594709039,"s1":0.0899810858536512,"s2":0.927279881434515},"sequence":0,"source":"vwf/model/threejs/box.js","type":"subDriver/threejs","name":"58a83b4b-149e-2034-1404-ba94a919b212"},{"extends":"box2.vwf","properties":{"DisplayName":"box1","___physics_activation_state":1,"___physics_angular_velocity":[0,0,0],"___physics_deactivation_time":0,"___physics_enabled":true,"___physics_linear_velocity":[0,0,0],"___physics_mass":0,"___physics_velocity_angular":[0,0,0],"___physics_velocity_linear":[0,0,0],"_length":3.75,"materialDef":{"alpha":1,"ambient":{"b":1,"g":1,"r":1},"color":{"a":1,"b":1,"g":1,"r":1},"emit":{"b":0,"g":0,"r":0},"layers":[{"alpha":1,"blendMode":0,"mapInput":0,"mapTo":1,"offsetx":0,"offsety":0,"rot":0,"scalex":1,"scaley":1,"src":"checker.jpg"}],"morphTargets":false,"reflect":0.8,"shadeless":false,"shadow":true,"shadows":true,"shininess":15,"skinning":false,"specularColor":{"b":0.577350269189626,"g":0.577350269189626,"r":0.577350269189626},"specularLevel":1,"type":"phong"},"owner":"Rob","transform":[1,0,0,0,0,0.9063078165054321,-0.4226182699203491,0,0,0.4226182699203491,0.9063078165054321,0,-4.799999237060547,-7.199997425079346,0.0010000000474974513,1],"type":"Primitive"},"random":{"c":1,"s0":0.545568594709039,"s1":0.0899810858536512,"s2":0.927279881434515},"sequence":0,"source":"vwf/model/threejs/box.js","type":"subDriver/threejs","name":"b57c2938-37fe-8e7b-ea41-952014328283"},{"extends":"box2.vwf","properties":{"DisplayName":"box3","___physics_activation_state":1,"___physics_angular_velocity":[0,0,0],"___physics_deactivation_time":0,"___physics_enabled":true,"___physics_linear_velocity":[0,0,0],"___physics_mass":0,"___physics_velocity_angular":[0,0,0],"___physics_velocity_linear":[0,0,0],"_length":3.75,"materialDef":{"alpha":1,"ambient":{"b":1,"g":1,"r":1},"color":{"a":1,"b":1,"g":1,"r":1},"emit":{"b":0,"g":0,"r":0},"layers":[{"alpha":1,"blendMode":0,"mapInput":0,"mapTo":1,"offsetx":0,"offsety":0,"rot":0,"scalex":1,"scaley":1,"src":"checker.jpg"}],"morphTargets":false,"reflect":0.8,"shadeless":false,"shadow":true,"shadows":true,"shininess":15,"skinning":false,"specularColor":{"b":0.577350269189626,"g":0.577350269189626,"r":0.577350269189626},"specularLevel":1,"type":"phong"},"owner":"Rob","transform":[0.866025447845459,0,0.5,0,0.21130913496017456,0.9063078165054321,-0.36599814891815186,0,-0.45315393805503845,0.4226182699203491,0.784885585308075,0,0.0000018149614788853796,-7.199997425079346,3.201000213623047,1],"type":"Primitive"},"random":{"c":1,"s0":0.545568594709039,"s1":0.0899810858536512,"s2":0.927279881434515},"sequence":0,"source":"vwf/model/threejs/box.js","type":"subDriver/threejs","name":"c2786f6e-2ac4-16e0-2004-e0031c18dff1"},{"extends":"box2.vwf","properties":{"DisplayName":"box5","___physics_activation_state":1,"___physics_angular_velocity":[0,0,0],"___physics_deactivation_time":0,"___physics_enabled":true,"___physics_linear_velocity":[0,0,0],"___physics_mass":0,"___physics_velocity_angular":[0,0,0],"___physics_velocity_linear":[0,0,0],"_length":3.75,"materialDef":{"alpha":1,"ambient":{"b":1,"g":1,"r":1},"color":{"a":1,"b":1,"g":1,"r":1},"emit":{"b":0,"g":0,"r":0},"layers":[{"alpha":1,"blendMode":0,"mapInput":0,"mapTo":1,"offsetx":0,"offsety":0,"rot":0,"scalex":1,"scaley":1,"src":"checker.jpg"}],"morphTargets":false,"reflect":0.8,"shadeless":false,"shadow":true,"shadows":true,"shininess":15,"skinning":false,"specularColor":{"b":0.577350269189626,"g":0.577350269189626,"r":0.577350269189626},"specularLevel":1,"type":"phong"},"owner":"Rob","transform":[0.9396926760673523,2.849198388332752e-8,0.3420201539993286,0,0.14454393088817596,0.9063078165054321,-0.3971312642097473,0,-0.3099755346775055,0.4226182699203491,0.8516507744789124,0,0.20000328123569489,-7.199997425079346,9.800995826721191,1],"type":"Primitive"},"random":{"c":1,"s0":0.545568594709039,"s1":0.0899810858536512,"s2":0.927279881434515},"sequence":0,"source":"vwf/model/threejs/box.js","type":"subDriver/threejs","name":"d1e07dfc-4405-bacf-f1a8-f994f813ed3"},{"extends":"box2.vwf","properties":{"DisplayName":"box4","___physics_activation_state":1,"___physics_angular_velocity":[0,0,0],"___physics_deactivation_time":0,"___physics_enabled":true,"___physics_linear_velocity":[0,0,0],"___physics_mass":0,"___physics_velocity_angular":[0,0,0],"___physics_velocity_linear":[0,0,0],"_length":3.75,"materialDef":{"alpha":1,"ambient":{"b":1,"g":1,"r":1},"color":{"a":1,"b":1,"g":1,"r":1},"emit":{"b":0,"g":0,"r":0},"layers":[{"alpha":1,"blendMode":0,"mapInput":0,"mapTo":1,"offsetx":0,"offsety":0,"rot":0,"scalex":1,"scaley":1,"src":"checker.jpg"}],"morphTargets":false,"reflect":0.8,"shadeless":false,"shadow":true,"shadows":true,"shininess":15,"skinning":false,"specularColor":{"b":0.577350269189626,"g":0.577350269189626,"r":0.577350269189626},"specularLevel":1,"type":"phong"},"owner":"Rob","transform":[0.8191521167755127,-1.9935932016323932e-7,-0.5735764503479004,0,-0.24240371584892273,0.9063078165054321,-0.3461887240409851,0,0.5198368430137634,0.4226182699203491,0.7424038648605347,0,-3.799996852874756,-7.199997425079346,6.600996971130371,1],"type":"Primitive"},"random":{"c":1,"s0":0.545568594709039,"s1":0.0899810858536512,"s2":0.927279881434515},"sequence":0,"source":"vwf/model/threejs/box.js","type":"subDriver/threejs","name":"e7d8c43-9ac6-cbaa-29a0-dac8bd63aeba"},{"DisplayName":null,"glyphURL":"../vwf/view/editorview/images/icons/scene.png","simTime":0,"placemarks":{"Origin":[0,0,0]},"navmode":"none","sunColor":[1,1,1],"sunDirection":[0,0,1],"sunIntensity":0.5,"shadowDarkness":0.5,"ambientColor":[0.35,0.35,0.35],"fogColor":[155,155,155],"fogNear":100,"fogFar":1000,"fogType":0,"fogDensity":0.005,"fogVFalloff":1.3,"fogVFalloffStart":0,"skyColorBlend":0,"skyFogBlend":0,"skyApexColor":[0,0.5,1],"skyHorizonColor":[0,0.5,1],"___physics_gravity":[0,0,-9.8],"___physics_accuracy":10,"___physics_active":true,"vAtmosphereDensity":0.0005,"playMode":"stop","octreeObjects":5,"octreeDepth":16,"octreeExtents":640,"skyTexture":"white","owner":"Rob","type":"scene","publishSettings":{"allowAnonymous":false,"allowTools":false,"camera":"","createAvatar":false,"singlePlayer":false}}]